1.00000000 0.00000000
0.99893000 -0.00011000
0.99572000 -0.00042000
0.99039000 -0.00092000
0.98296000 -0.00156000
0.97347000 -0.00227000
0.96194000 -0.00297000
0.94844000 -0.00364000
0.93301000 -0.00431000
0.91573000 -0.00502000
0.89668000 -0.00583000
0.87592000 -0.00674000
0.85355000 -0.00775000
0.82967000 -0.00886000
0.80438000 -0.01006000
0.77779000 -0.01136000
0.75000000 -0.01277000
0.72114000 -0.01430000
0.69134000 -0.01596000
0.66072000 -0.01772000
0.62941000 -0.01958000
0.59755000 -0.02149000
0.56526000 -0.02340000
0.53270000 -0.02529000
0.50000000 -0.02713000
0.46730000 -0.02891000
0.43474000 -0.03063000
0.40245000 -0.03229000
0.37059000 -0.03390000
0.33928000 -0.03547000
0.30866000 -0.03700000
0.27886000 -0.03845000
0.25000000 -0.03974000
0.22221000 -0.04078000
0.19562000 -0.04147000
0.17033000 -0.04177000
0.14645000 -0.04166000
0.12408000 -0.04106000
0.10332000 -0.03991000
0.08427000 -0.03817000
0.06699000 -0.03582000
0.05156000 -0.03281000
0.03806000 -0.02915000
0.02653000 -0.02502000
0.01704000 -0.02061000
0.00961000 -0.01590000
0.00428000 -0.01102000
0.00107000 -0.00566000
0.00000000 0.00075000
0.00107000 0.00825000
0.00428000 0.01654000
0.00961000 0.02489000
0.01704000 0.03303000
0.02653000 0.04118000
0.03806000 0.04937000
0.05156000 0.05753000
0.06699000 0.06541000
0.08427000 0.07283000
0.10332000 0.07970000
0.12408000 0.08607000
0.14645000 0.09195000
0.17033000 0.09726000
0.19562000 0.10190000
0.22221000 0.10584000
0.25000000 0.10903000
0.27886000 0.11141000
0.30866000 0.11294000
0.33928000 0.11361000
0.37059000 0.11345000
0.40245000 0.11248000
0.43474000 0.11076000
0.46730000 0.10837000
0.50000000 0.10538000
0.53270000 0.10185000
0.56526000 0.09785000
0.59755000 0.09341000
0.62941000 0.08858000
0.66072000 0.08341000
0.69134000 0.07795000
0.72114000 0.07227000
0.75000000 0.06642000
0.77779000 0.06048000
0.80438000 0.05453000
0.82967000 0.04863000
0.85355000 0.04283000
0.87592000 0.03717000
0.89668000 0.03171000
0.91573000 0.02652000
0.93301000 0.02166000
0.94844000 0.01716000
0.96194000 0.01303000
0.97347000 0.00932000
0.98296000 0.00610000
0.99039000 0.00349000
0.99572000 0.00156000
0.99893000 0.00039000
1.00000000 0.00000000
